002001
002002
002003
002004
002005
002006
002007
002008
002009
002010
002011
002012
002013
002014
002015
002016
002017
002018
002019
002020
002021
002022
002023
002024
002025
002026
002027
002028
002029
002030
002031
002032
002033
002034
002035
002036
002037
002038
002039
002040
002041
002042
002043
002044
002045
002046
002047
002048
002049
002050
002051
002052
002053
002054
002055
002056
002057
002058
002059
002060
002061
002062
002063
002064
002065
002066
002067
002068
002069
002070
002071
002072
002073
002074
002075
002076
002077
002078
002079
002080
002081
002082
002083
002084
002085
002086
002087
002088
002089
002090
002091
002092
002093
002094
002095
002096
002097
002098
002099
002100
002101
002102
002103
002104
002105
002106
002107
002108
002109
002110
002111
002112
002113
002114
002115
002116
002117
002118
002119
002120
002121
002122
002123
002124
002125
002126
002127
002128
002129
002130
002131
002132
002133
002134
002135
002136
002137
002138
002139
002140
002141
002142
002143
002144
002145
002146
002147
002148
002149
002150
002151
002152
002153
002154
002155
002156
002157
002158
002159
002160
002161
002162
002163
002164
002165
002166
002167
002168
002169
002170
002171
002172
002173
002174
002175
002176
002177
002178
002179
002180
002181
002182
002183
002184
002185
002186
002187
002188
002189
002190
002191
002192
002193
002194
002195
002196
002197
002198
002199
002200
002201
002202
002203
002204
002205
002206
002207
002208
002209
002210
002211
002212
002213
002214
002215
002216
002217
002218
002219
002220
002221
002222
002223
002224
002225
002226
002227
002228
002229
002230
002231
002232
002233
002234
002235
002236
002237
002238
002239
002240
002241
002242
002243
002244
002245
002246
002247
002248
002249
002250
002251
002252
002253
002254
002255
002256
002258
002259
002260
002261
002262
002263
002264
002265
002266
002267
002268
002269
002270
002271
002272
002273
002274
002275
002276
002277
002278
002279
002280
002281
002282
002283
002284
002285
002286
002287
002288
002289
002290
002291
002292
002293
002294
002295
002296
002297
002298
002299
002300
002301
002302
002303
002304
002305
002306
002307
002308
002309
002310
002311
002312
002313
002314
002315
002316
002317
002318
002319
002320
002321
002322
002323
002324
002325
002326
002327
002328
002329
002330
002331
002332
002333
002334
002335
002336
002337
002338
002339
002340
002341
002342
002343
002344
002345
002346
002347
002348
002349
002350
002351
002352
002353
002354
002355
002356
002357
002358
002359
002360
002361
002362
002363
002364
002365
002366
002367
002368
002369
002370
002371
002372
002373
002374
002375
002376
002377
002378
002379
002380
002381
002382
002383
002384
002385
002386
002387
002388
002389
002390
002391
002392
002393
002394
002395
002396
002397
002398
002399
002400
002401
002402
002403
002404
002405
002406
002407
002408
002409
002410
002411
002412
002413
002414
002415
002416
002417
002418
002419
002420
002421
002422
002423
002424
002425
002426
002427
002428
002429
002430
002431
002432
002433
002434
002435
002436
002437
002438
002439
002440
002441
002442
002443
002444
002445
002446
002447
002448
002449
002450
002451
002452
002453
002454
002455
002456
002457
002458
002459
002460
002461
002462
002463
002464
002465
002466
002467
002468
002469
002470
002471
002472
002473
002474
002475
002476
002477
002478
002479
002480
002481
002482
002483
002484
002485
002486
002487
002488
002489
002490
002491
002492
002493
002494
002495
002496
002497
002498
002499
002500
002501
002502
002503
002504
002505
002506
002507
002508
002509
002510
002511
002512
002513
002514
002515
002516
002517
002518
002519
002520
002521
002522
002523
002524
002526
002527
002528
002529
002530
002531
002532
002533
002534
002535
002536
002537
002538
002539
002540
002541
002542
002543
002544
002545
002546
002547
002548
002549
002550
002551
002552
002553
002554
002555
002556
002557
002558
002559
002560
002561
002562
002563
002564
002565
002566
002567
002568
002569
002570
002571
002572
002573
002574
002575
002576
002577
002578
002579
002580
002581
002582
002583
002584
002585
002586
002587
002588
002589
002590
002591
002592
002593
002594
002595
002596
002597
002598
002599
002600
002601
002602
002603
002604
002605
002606
002607
002608
002609
002610
002611
002612
002613
002614
002615
002616
002617
002618
002619
002620
002621
002622
002623
002624
002625
002626
002627
002628
002629
002630
002631
002632
002633
002634
002635
002636
002637
002638
002639
002640
002641
002642
002643
002644
002645
002646
002647
002648
002649
002650
002651
002652
002653
002654
002655
002656
002657
002658
002659
002660
002661
002662
002663
002664
002665
002666
002667
002668
002669
002670
002671
002672
002673
002674
002675
002676
002677
002678
002679
002680
002681
002682
002683
002684
002685
002686
002687
002688
002689
002690
002691
002692
002693
002694
002695
002696
002697
002698
002699
002700
002701
002702
002703
002705
002706
002707
002708
002709
002711
002712
002713
002714
002715
002716
002717
002718
002719
002721
002722
002723
002724
002725
002726
002727
002728
002729
002730
002731
002732
002733
002734
002735
002736
002737
002738
002739
002740
002741
002742
002743
002745
002746
002747
002748
002749
002750
002751
002752
002753
002755
002756
002757
002758
002759
002760
002761
002762
002763
002765
002766
002767
002768
002769
002770
002771
002772
002773
002774
002775
002776
002777
002778
002779
002780
002781
002782
002783
002785
002786
002787
002788
002789
002790
002791
002792
002793
002795
002796
002797
002798
002799
002800
002801
002802
002803
002805
002806
002807
002808
002809
002810
002811
002812
002813
002815
002816
002817
002818
002819
002820
002821
002822
002823
002824
002825
002826
002827
002828
002829
002830
002831
002832
002833
002835
002836
002837
002838
002839
002840
002841
002842
002843
002845
002846
002847
002848
002849
002850
002851
002852
002853
002855
002856
002857
002858
002859
002860
002861
002862
002863
002864
002865
002866
002867
002868
002869
002870
002871
002872
002873
002875
002876
002877
002878
002879
002880
002881
002882
002883
002884
002885
002886
002887
002888
002889
002890
002891
002892
002893
002895
002896
002897
002898
002899
002900
002901
002902
002903
002905
002906
002907
002908
002909
002910
002911
002912
002913
002915
002916
002917
002918
002919
002920
002921
002922
002923
002925
002926
002927
002928
002929
002930
002931
002932
002933
002935
002936
002937
002938
002939
002940
002941
002942
002943
002945
002946
002947
002948
002949
002950
002951
002952
002953
002955
002956
002957
002958
002959
002960
002961
002962
002963
002965
002966
002967
002968
002969
002970
002971
002972
002973
002975
002976
002977
002978
002979
002980
002981
002982
002983
002984
002985
002986
002987
002988
002989
002990
002991
002992
002993
002995
002996
002997
002998
002999
003000
003001
003002
003003
003004
003005
003006
003007
003008
003009
003010
003011
003012
003013
003015
003016
003017
003018
003019
003020
003021
003022
003023
003025
003026
003027
003028
003029
003030
003031
003032
003033
003035
003036
003037
003038
003039
003040
003816