					郑州商品交易所期权每日行情表(2019-10-17)
品种代码   |昨结算    |今开盘    |最高价    |最低价    |今收盘    |今结算    |涨跌1     |涨跌2     |成交量(手)|空盘量    |增减量    |成交额(万元)|DELTA     |隐含波动率|行权量
CF001C10800|1,857.00  |0.00      |0.00      |0.00      |0.00      |1,802.00  |-55.00    |-55.00    |0         |0         |0         |0.00        |0.9859    |20.47     |0
CF001C11000|1,660.00  |0.00      |0.00      |0.00      |0.00      |1,606.00  |-54.00    |-54.00    |0         |0         |0         |0.00        |0.9749    |19.80     |0
CF001C11200|1,465.00  |0.00      |0.00      |0.00      |0.00      |1,411.00  |-54.00    |-54.00    |0         |4         |0         |0.00        |0.9589    |19.17     |0
CF001C11400|1,274.00  |0.00      |0.00      |0.00      |0.00      |1,221.00  |-53.00    |-53.00    |0         |68        |0         |0.00        |0.9354    |18.58     |0
CF001C11600|1,087.00  |1,094.00  |1,094.00  |1,094.00  |1,094.00  |1,035.00  |7.00      |-52.00    |40        |224       |0         |21.29       |0.9016    |18.04     |0
CF001C11800|909.00    |0.00      |0.00      |0.00      |0.00      |858.00    |-51.00    |-51.00    |0         |172       |0         |0.00        |0.8544    |17.58     |0
CF001C12000|740.00    |660.00    |756.00    |572.00    |709.00    |692.00    |-31.00    |-48.00    |182       |1,052     |-64       |64.63       |0.7904    |17.20     |0
CF001C12200|586.00    |469.00    |605.00    |446.00    |563.00    |543.00    |-23.00    |-43.00    |312       |750       |-42       |87.25       |0.7083    |16.94     |0
CF001C12400|453.00    |345.00    |476.00    |331.00    |439.00    |413.00    |-14.00    |-40.00    |396       |1,668     |48        |83.80       |0.6128    |16.81     |0
CF001C12600|340.00    |340.00    |367.00    |246.00    |329.00    |304.00    |-11.00    |-36.00    |774       |2,206     |-12       |120.74      |0.5100    |16.82     |0
CF001C12800|249.00    |225.00    |270.00    |172.00    |241.00    |221.00    |-8.00     |-28.00    |716       |3,394     |-36       |79.23       |0.4091    |16.97     |0
CF001C13000|181.00    |163.00    |192.00    |120.00    |172.00    |158.00    |-9.00     |-23.00    |1,962     |9,066     |200       |145.23      |0.3184    |17.25     |0
CF001C13200|131.00    |110.00    |135.00    |80.00     |124.00    |112.00    |-7.00     |-19.00    |1,538     |6,872     |178       |84.79       |0.2422    |17.63     |0
CF001C13400|96.00     |76.00     |97.00     |56.00     |83.00     |80.00     |-13.00    |-16.00    |922       |4,450     |-44       |37.92       |0.1816    |18.10     |0
CF001C13600|70.00     |53.00     |71.00     |40.00     |58.00     |57.00     |-12.00    |-13.00    |786       |4,632     |12        |22.69       |0.1354    |18.62     |0
CF001C13800|52.00     |32.00     |50.00     |30.00     |45.00     |41.00     |-7.00     |-11.00    |622       |3,184     |18        |12.56       |0.1008    |19.18     |0
CF001C14000|40.00     |30.00     |42.00     |22.00     |31.00     |30.00     |-9.00     |-10.00    |1,150     |11,500    |350       |18.94       |0.0751    |19.76     |0
CF001C14200|31.00     |18.00     |54.00     |18.00     |29.00     |21.00     |-2.00     |-10.00    |54        |4,038     |-6        |0.75        |0.0556    |20.36     |0
CF001C14400|24.00     |0.00      |0.00      |0.00      |0.00      |16.00     |-8.00     |-8.00     |0         |2,226     |0         |0.00        |0.0421    |20.96     |0
CF001C14600|19.00     |18.00     |18.00     |18.00     |18.00     |12.00     |-1.00     |-7.00     |2         |1,940     |2         |0.02        |0.0320    |21.56     |0
CF001C14800|15.00     |0.00      |0.00      |0.00      |0.00      |9.00      |-6.00     |-6.00     |0         |1,848     |0         |0.00        |0.0238    |22.15     |0
CF001C15000|12.00     |13.00     |14.00     |8.00      |11.00     |7.00      |-1.00     |-5.00     |374       |7,560     |-82       |2.14        |0.0187    |22.74     |0
CF001C15200|10.00     |11.00     |11.00     |8.00      |8.00      |5.00      |-2.00     |-5.00     |88        |1,124     |-8        |0.41        |0.0141    |23.31     |0
CF001C15400|8.00      |9.00      |9.00      |9.00      |9.00      |4.00      |1.00      |-4.00     |2         |1,040     |-2        |0.01        |0.0111    |23.87     |0
CF001C15600|6.00      |7.00      |7.00      |7.00      |7.00      |3.00      |1.00      |-3.00     |18        |750       |2         |0.05        |0.0084    |24.42     |0
CF001C15800|5.00      |4.00      |7.00      |4.00      |7.00      |2.00      |2.00      |-3.00     |40        |778       |-20       |0.08        |0.0068    |24.95     |0
CF001C16000|5.00      |7.00      |9.00      |6.00      |9.00      |2.00      |4.00      |-3.00     |154       |5,192     |8         |0.61        |0.0052    |25.47     |0
CF001C16200|4.00      |0.00      |0.00      |0.00      |0.00      |2.00      |-2.00     |-2.00     |0         |734       |0         |0.00        |0.0042    |25.98     |0
CF001C16400|3.00      |0.00      |0.00      |0.00      |0.00      |1.00      |-2.00     |-2.00     |0         |832       |0         |0.00        |0.0033    |26.48     |0
CF001C16600|3.00      |0.00      |0.00      |0.00      |0.00      |1.00      |-2.00     |-2.00     |0         |312       |0         |0.00        |0.0026    |26.97     |0
CF001C16800|2.00      |4.00      |4.00      |4.00      |4.00      |1.00      |2.00      |-1.00     |4         |690       |-4        |0.01        |0.0021    |27.44     |0
CF001C17000|2.00      |0.00      |0.00      |0.00      |0.00      |1.00      |-1.00     |-1.00     |0         |1,024     |0         |0.00        |0.0017    |27.90     |0
CF001C17200|2.00      |0.00      |0.00      |0.00      |0.00      |1.00      |-1.00     |-1.00     |0         |718       |0         |0.00        |0.0013    |28.35     |0
CF001C17400|1.00      |0.00      |0.00      |0.00      |0.00      |1.00      |0.00      |0.00      |0         |1,316     |0         |0.00        |0.0011    |28.79     |0
CF001C17600|1.00      |4.00      |4.00      |4.00      |4.00      |1.00      |3.00      |0.00      |6         |2,894     |0         |0.01        |0.0009    |29.23     |0
CF001C17800|1.00      |5.00      |6.00      |4.00      |6.00      |1.00      |5.00      |0.00      |38        |17,032    |-2        |0.09        |0.0007    |29.65     |0
小计       |          |          |          |          |          |          |          |          |10,180    |101,290   |496       |783.25      |          |          |0
CF001P10800|5.00      |9.00      |9.00      |7.00      |8.00      |6.00      |3.00      |1.00      |62        |4,948     |0         |0.25        |-0.0169   |20.47     |0
CF001P11000|9.00      |19.00     |19.00     |19.00     |19.00     |9.00      |10.00     |0.00      |10        |5,222     |2         |0.10        |-0.0266   |19.80     |0
CF001P11200|14.00     |26.00     |26.00     |17.00     |20.00     |15.00     |6.00      |1.00      |80        |9,568     |16        |0.84        |-0.0415   |19.17     |0
CF001P11400|22.00     |39.00     |39.00     |20.00     |24.00     |24.00     |2.00      |2.00      |240       |4,726     |108       |3.72        |-0.0638   |18.58     |0
CF001P11600|36.00     |44.00     |62.00     |28.00     |31.00     |39.00     |-5.00     |3.00      |526       |3,842     |248       |11.97       |-0.0966   |18.04     |0
CF001P11800|57.00     |67.00     |88.00     |43.00     |50.00     |61.00     |-7.00     |4.00      |1,958     |4,002     |842       |62.96       |-0.1430   |17.58     |0
CF001P12000|88.00     |97.00     |132.00    |69.00     |75.00     |94.00     |-13.00    |6.00      |3,372     |10,066    |-148      |161.89      |-0.2063   |17.20     |0
CF001P12200|133.00    |145.00    |194.00    |99.00     |113.00    |145.00    |-20.00    |12.00     |2,308     |10,468    |1,512     |144.01      |-0.2878   |16.94     |0
CF001P12400|199.00    |255.00    |295.00    |171.00    |184.00    |214.00    |-15.00    |15.00     |2,776     |6,210     |-36       |298.73      |-0.3831   |16.81     |0
CF001P12600|285.00    |329.00    |398.00    |253.00    |287.00    |304.00    |2.00      |19.00     |706       |3,562     |6         |107.66      |-0.4858   |16.82     |0
CF001P12800|394.00    |465.00    |518.00    |354.00    |377.00    |420.00    |-17.00    |26.00     |148       |2,168     |0         |32.29       |-0.5867   |16.97     |0
CF001P13000|524.00    |648.00    |666.00    |485.00    |525.00    |557.00    |1.00      |33.00     |228       |1,714     |22        |63.02       |-0.6777   |17.25     |0
CF001P13200|674.00    |780.00    |840.00    |639.00    |691.00    |710.00    |17.00     |36.00     |156       |700       |4         |55.17       |-0.7544   |17.63     |0
CF001P13400|838.00    |0.00      |0.00      |0.00      |0.00      |877.00    |39.00     |39.00     |0         |356       |0         |0.00        |-0.8156   |18.10     |0
CF001P13600|1,012.00  |972.00    |972.00    |972.00    |972.00    |1,053.00  |-40.00    |41.00     |4         |482       |-4        |1.94        |-0.8625   |18.62     |0
CF001P13800|1,193.00  |0.00      |0.00      |0.00      |0.00      |1,237.00  |44.00     |44.00     |0         |400       |0         |0.00        |-0.8978   |19.18     |0
CF001P14000|1,381.00  |0.00      |0.00      |0.00      |0.00      |1,425.00  |44.00     |44.00     |0         |362       |0         |0.00        |-0.9243   |19.76     |0
CF001P14200|1,571.00  |0.00      |0.00      |0.00      |0.00      |1,617.00  |46.00     |46.00     |0         |280       |0         |0.00        |-0.9446   |20.36     |0
CF001P14400|1,764.00  |0.00      |0.00      |0.00      |0.00      |1,811.00  |47.00     |47.00     |0         |658       |0         |0.00        |-0.9590   |20.96     |0
CF001P14600|1,959.00  |0.00      |0.00      |0.00      |0.00      |2,007.00  |48.00     |48.00     |0         |776       |0         |0.00        |-0.9700   |21.56     |0
CF001P14800|2,155.00  |0.00      |0.00      |0.00      |0.00      |2,204.00  |49.00     |49.00     |0         |176       |0         |0.00        |-0.9792   |22.15     |0
CF001P15000|2,352.00  |0.00      |0.00      |0.00      |0.00      |2,403.00  |51.00     |51.00     |0         |222       |0         |0.00        |-0.9853   |22.74     |0
CF001P15200|2,549.00  |0.00      |0.00      |0.00      |0.00      |2,601.00  |52.00     |52.00     |0         |160       |0         |0.00        |-0.9908   |23.31     |0
CF001P15400|2,748.00  |0.00      |0.00      |0.00      |0.00      |2,800.00  |52.00     |52.00     |0         |626       |0         |0.00        |-0.9946   |23.87     |0
CF001P15600|2,947.00  |0.00      |0.00      |0.00      |0.00      |3,000.00  |53.00     |53.00     |0         |204       |0         |0.00        |-0.9983   |24.42     |0
CF001P15800|3,146.00  |0.00      |0.00      |0.00      |0.00      |3,200.00  |54.00     |54.00     |0         |100       |0         |0.00        |-0.9998   |24.95     |0
CF001P16000|3,345.00  |0.00      |0.00      |0.00      |0.00      |3,400.00  |55.00     |55.00     |0         |260       |0         |0.00        |-1.0000   |25.47     |0
CF001P16200|3,545.00  |0.00      |0.00      |0.00      |0.00      |3,600.00  |55.00     |55.00     |0         |176       |0         |0.00        |-1.0000   |25.98     |0
CF001P16400|3,745.00  |0.00      |0.00      |0.00      |0.00      |3,800.00  |55.00     |55.00     |0         |190       |0         |0.00        |-1.0000   |26.48     |0
CF001P16600|3,945.00  |0.00      |0.00      |0.00      |0.00      |4,000.00  |55.00     |55.00     |0         |192       |0         |0.00        |-1.0000   |26.97     |0
CF001P16800|4,145.00  |0.00      |0.00      |0.00      |0.00      |4,200.00  |55.00     |55.00     |0         |184       |0         |0.00        |-1.0000   |27.44     |0
CF001P17000|4,345.00  |0.00      |0.00      |0.00      |0.00      |4,400.00  |55.00     |55.00     |0         |266       |0         |0.00        |-1.0000   |27.90     |0
CF001P17200|4,545.00  |0.00      |0.00      |0.00      |0.00      |4,600.00  |55.00     |55.00     |0         |160       |0         |0.00        |-1.0000   |28.35     |0
CF001P17400|4,745.00  |0.00      |0.00      |0.00      |0.00      |4,800.00  |55.00     |55.00     |0         |118       |0         |0.00        |-1.0000   |28.79     |0
CF001P17600|4,945.00  |0.00      |0.00      |0.00      |0.00      |5,000.00  |55.00     |55.00     |0         |110       |0         |0.00        |-1.0000   |29.23     |0
CF001P17800|5,145.00  |0.00      |0.00      |0.00      |0.00      |5,200.00  |55.00     |55.00     |0         |58        |0         |0.00        |-1.0000   |29.65     |0
小计       |          |          |          |          |          |          |          |          |12,574    |73,712    |2572      |944.55      |          |          |0
CF003C11000|1,828.00  |0.00      |0.00      |0.00      |0.00      |1,818.00  |-10.00    |-10.00    |0         |0         |0         |0.00        |0.9561    |16.94     |0
CF003C11200|1,641.00  |0.00      |0.00      |0.00      |0.00      |1,631.00  |-10.00    |-10.00    |0         |0         |0         |0.00        |0.9326    |16.82     |0
CF003C11400|1,460.00  |0.00      |0.00      |0.00      |0.00      |1,449.00  |-11.00    |-11.00    |0         |12        |0         |0.00        |0.9029    |16.73     |0
CF003C11600|1,288.00  |0.00      |0.00      |0.00      |0.00      |1,276.00  |-12.00    |-12.00    |0         |0         |0         |0.00        |0.8659    |16.67     |0
CF003C11800|1,125.00  |0.00      |0.00      |0.00      |0.00      |1,111.00  |-14.00    |-14.00    |0         |24        |0         |0.00        |0.8213    |16.64     |0
CF003C12000|973.00    |0.00      |0.00      |0.00      |0.00      |957.00    |-16.00    |-16.00    |0         |20        |0         |0.00        |0.7694    |16.65     |0
CF003C12200|834.00    |0.00      |0.00      |0.00      |0.00      |816.00    |-18.00    |-18.00    |0         |26        |0         |0.00        |0.7110    |16.69     |0
CF003C12400|707.00    |0.00      |0.00      |0.00      |0.00      |689.00    |-18.00    |-18.00    |0         |22        |0         |0.00        |0.6479    |16.77     |0
CF003C12600|593.00    |0.00      |0.00      |0.00      |0.00      |575.00    |-18.00    |-18.00    |0         |24        |0         |0.00        |0.5820    |16.89     |0
CF003C12800|494.00    |0.00      |0.00      |0.00      |0.00      |476.00    |-18.00    |-18.00    |0         |26        |0         |0.00        |0.5155    |17.05     |0
CF003C13000|410.00    |0.00      |0.00      |0.00      |0.00      |394.00    |-16.00    |-16.00    |0         |40        |0         |0.00        |0.4511    |17.25     |0
CF003C13200|338.00    |271.00    |330.00    |271.00    |330.00    |324.00    |-8.00     |-14.00    |24        |92        |20        |3.36        |0.3908    |17.48     |0
CF003C13400|276.00    |220.00    |220.00    |220.00    |220.00    |266.00    |-56.00    |-10.00    |20        |186       |20        |2.20        |0.3355    |17.75     |0
CF003C13600|225.00    |0.00      |0.00      |0.00      |0.00      |216.00    |-9.00     |-9.00     |0         |88        |0         |0.00        |0.2853    |18.04     |0
CF003C13800|185.00    |147.00    |183.00    |143.00    |183.00    |178.00    |-2.00     |-7.00     |56        |102       |6         |4.33        |0.2429    |18.37     |0
CF003C14000|151.00    |119.00    |151.00    |119.00    |148.00    |146.00    |-3.00     |-5.00     |132       |218       |8         |9.43        |0.2056    |18.71     |0
CF003C14200|124.00    |0.00      |0.00      |0.00      |0.00      |120.00    |-4.00     |-4.00     |0         |92        |0         |0.00        |0.1731    |19.07     |0
CF003C14400|103.00    |0.00      |0.00      |0.00      |0.00      |100.00    |-3.00     |-3.00     |0         |246       |0         |0.00        |0.1472    |19.45     |0
CF003C14600|85.00     |0.00      |0.00      |0.00      |0.00      |82.00     |-3.00     |-3.00     |0         |238       |0         |0.00        |0.1233    |19.83     |0
CF003C14800|72.00     |71.00     |71.00     |71.00     |71.00     |70.00     |-1.00     |-2.00     |20        |242       |20        |0.71        |0.1056    |20.22     |0
CF003C15000|60.00     |54.00     |62.00     |54.00     |62.00     |57.00     |2.00      |-3.00     |34        |320       |14        |1.01        |0.0888    |20.62     |0
CF003C15200|52.00     |0.00      |0.00      |0.00      |0.00      |49.00     |-3.00     |-3.00     |0         |262       |0         |0.00        |0.0764    |21.02     |0
CF003C15400|45.00     |0.00      |0.00      |0.00      |0.00      |41.00     |-4.00     |-4.00     |0         |264       |0         |0.00        |0.0650    |21.42     |0
CF003C15600|38.00     |0.00      |0.00      |0.00      |0.00      |35.00     |-3.00     |-3.00     |0         |282       |0         |0.00        |0.0557    |21.82     |0
CF003C15800|34.00     |31.00     |31.00     |31.00     |31.00     |30.00     |-3.00     |-4.00     |8         |180       |8         |0.12        |0.0482    |22.22     |0
CF003C16000|31.00     |0.00      |0.00      |0.00      |0.00      |25.00     |-6.00     |-6.00     |0         |282       |0         |0.00        |0.0409    |22.61     |0
小计       |          |          |          |          |          |          |          |          |294       |3,288     |96        |21.16       |          |          |0
CF003P11000|23.00     |0.00      |0.00      |0.00      |0.00      |24.00     |1.00      |1.00      |0         |50        |0         |0.00        |-0.0459   |16.94     |0
CF003P11200|36.00     |0.00      |0.00      |0.00      |0.00      |36.00     |0.00      |0.00      |0         |56        |0         |0.00        |-0.0668   |16.82     |0
CF003P11400|56.00     |0.00      |0.00      |0.00      |0.00      |55.00     |-1.00     |-1.00     |0         |236       |0         |0.00        |-0.0944   |16.73     |0
CF003P11600|83.00     |103.00    |103.00    |75.00     |75.00     |80.00     |-8.00     |-3.00     |72        |190       |-8        |3.07        |-0.1295   |16.67     |0
CF003P11800|119.00    |152.00    |152.00    |108.00    |108.00    |114.00    |-11.00    |-5.00     |66        |264       |34        |4.44        |-0.1726   |16.64     |0
CF003P12000|166.00    |209.00    |209.00    |153.00    |156.00    |159.00    |-10.00    |-7.00     |90        |92        |-16       |7.77        |-0.2233   |16.65     |0
CF003P12200|224.00    |249.00    |249.00    |249.00    |249.00    |217.00    |25.00     |-7.00     |8         |142       |-4        |0.93        |-0.2807   |16.69     |0
CF003P12400|296.00    |277.00    |277.00    |277.00    |277.00    |287.00    |-19.00    |-9.00     |4         |204       |-2        |0.56        |-0.3432   |16.77     |0
CF003P12600|380.00    |356.00    |356.00    |356.00    |356.00    |372.00    |-24.00    |-8.00     |48        |118       |-12       |8.78        |-0.4088   |16.89     |0
CF003P12800|479.00    |0.00      |0.00      |0.00      |0.00      |471.00    |-8.00     |-8.00     |0         |120       |0         |0.00        |-0.4752   |17.05     |0
CF003P13000|593.00    |575.00    |575.00    |575.00    |575.00    |587.00    |-18.00    |-6.00     |28        |94        |12        |8.10        |-0.5396   |17.25     |0
CF003P13200|719.00    |0.00      |0.00      |0.00      |0.00      |716.00    |-3.00     |-3.00     |0         |144       |0         |0.00        |-0.6002   |17.48     |0
CF003P13400|856.00    |0.00      |0.00      |0.00      |0.00      |855.00    |-1.00     |-1.00     |0         |136       |0         |0.00        |-0.6560   |17.75     |0
CF003P13600|1,003.00  |0.00      |0.00      |0.00      |0.00      |1,004.00  |1.00      |1.00      |0         |32        |0         |0.00        |-0.7070   |18.04     |0
CF003P13800|1,161.00  |0.00      |0.00      |0.00      |0.00      |1,165.00  |4.00      |4.00      |0         |64        |0         |0.00        |-0.7501   |18.37     |0
CF003P14000|1,326.00  |0.00      |0.00      |0.00      |0.00      |1,331.00  |5.00      |5.00      |0         |88        |0         |0.00        |-0.7882   |18.71     |0
CF003P14200|1,497.00  |0.00      |0.00      |0.00      |0.00      |1,504.00  |7.00      |7.00      |0         |72        |0         |0.00        |-0.8218   |19.07     |0
CF003P14400|1,675.00  |0.00      |0.00      |0.00      |0.00      |1,683.00  |8.00      |8.00      |0         |64        |0         |0.00        |-0.8488   |19.45     |0
CF003P14600|1,856.00  |0.00      |0.00      |0.00      |0.00      |1,864.00  |8.00      |8.00      |0         |56        |0         |0.00        |-0.8739   |19.83     |0
CF003P14800|2,043.00  |0.00      |0.00      |0.00      |0.00      |2,050.00  |7.00      |7.00      |0         |48        |0         |0.00        |-0.8927   |20.22     |0
CF003P15000|2,230.00  |0.00      |0.00      |0.00      |0.00      |2,238.00  |8.00      |8.00      |0         |72        |0         |0.00        |-0.9109   |20.62     |0
CF003P15200|2,421.00  |0.00      |0.00      |0.00      |0.00      |2,429.00  |8.00      |8.00      |0         |64        |0         |0.00        |-0.9245   |21.02     |0
CF003P15400|2,614.00  |0.00      |0.00      |0.00      |0.00      |2,621.00  |7.00      |7.00      |0         |40        |0         |0.00        |-0.9373   |21.42     |0
CF003P15600|2,807.00  |0.00      |0.00      |0.00      |0.00      |2,815.00  |8.00      |8.00      |0         |68        |0         |0.00        |-0.9480   |21.82     |0
CF003P15800|3,003.00  |0.00      |0.00      |0.00      |0.00      |3,010.00  |7.00      |7.00      |0         |16        |0         |0.00        |-0.9569   |22.22     |0
CF003P16000|3,199.00  |0.00      |0.00      |0.00      |0.00      |3,205.00  |6.00      |6.00      |0         |194       |0         |0.00        |-0.9656   |22.61     |0
小计       |          |          |          |          |          |          |          |          |316       |2,724     |4         |33.65       |          |          |0
CF005C11400|1,760.00  |0.00      |0.00      |0.00      |0.00      |1,688.00  |-72.00    |-72.00    |0         |0         |0         |0.00        |0.8932    |16.45     |0
CF005C11600|1,592.00  |0.00      |0.00      |0.00      |0.00      |1,521.00  |-71.00    |-71.00    |0         |24        |0         |0.00        |0.8577    |16.60     |0
CF005C11800|1,434.00  |0.00      |0.00      |0.00      |0.00      |1,362.00  |-72.00    |-72.00    |0         |24        |0         |0.00        |0.8175    |16.74     |0
CF005C12000|1,284.00  |0.00      |0.00      |0.00      |0.00      |1,214.00  |-70.00    |-70.00    |0         |44        |0         |0.00        |0.7736    |16.90     |0
CF005C12200|1,143.00  |0.00      |0.00      |0.00      |0.00      |1,075.00  |-68.00    |-68.00    |0         |146       |0         |0.00        |0.7270    |17.06     |0
CF005C12400|1,014.00  |0.00      |0.00      |0.00      |0.00      |947.00    |-67.00    |-67.00    |0         |172       |0         |0.00        |0.6775    |17.23     |0
CF005C12600|896.00    |0.00      |0.00      |0.00      |0.00      |833.00    |-63.00    |-63.00    |0         |190       |0         |0.00        |0.6262    |17.41     |0
CF005C12800|786.00    |684.00    |730.00    |684.00    |730.00    |727.00    |-56.00    |-59.00    |54        |618       |12        |19.21       |0.5751    |17.59     |0
CF005C13000|690.00    |589.00    |649.00    |589.00    |649.00    |632.00    |-41.00    |-58.00    |6         |264       |2         |1.83        |0.5243    |17.78     |0
CF005C13200|603.00    |568.00    |614.00    |568.00    |613.00    |551.00    |10.00     |-52.00    |28        |270       |-4        |8.01        |0.4753    |17.98     |0
CF005C13400|524.00    |488.00    |533.00    |444.00    |485.00    |476.00    |-39.00    |-48.00    |166       |314       |74        |39.97       |0.4281    |18.20     |0
CF005C13600|458.00    |400.00    |456.00    |400.00    |444.00    |413.00    |-14.00    |-45.00    |22        |276       |-2        |4.59        |0.3841    |18.42     |0
CF005C13800|395.00    |326.00    |375.00    |326.00    |368.00    |356.00    |-27.00    |-39.00    |68        |2,108     |46        |12.15       |0.3431    |18.65     |0
CF005C14000|346.00    |286.00    |334.00    |286.00    |334.00    |308.00    |-12.00    |-38.00    |140       |950       |-10       |21.18       |0.3054    |18.90     |0
CF005C14200|298.00    |275.00    |302.00    |243.00    |285.00    |267.00    |-13.00    |-31.00    |540       |7,702     |174       |75.12       |0.2716    |19.16     |0
CF005C14400|262.00    |241.00    |242.00    |241.00    |242.00    |231.00    |-20.00    |-31.00    |20        |966       |20        |2.42        |0.2408    |19.44     |0
CF005C14600|227.00    |212.00    |218.00    |212.00    |218.00    |201.00    |-9.00     |-26.00    |22        |686       |0         |2.39        |0.2137    |19.73     |0
CF005C14800|201.00    |190.00    |190.00    |190.00    |190.00    |176.00    |-11.00    |-25.00    |40        |194       |0         |3.66        |0.1899    |20.04     |0
CF005C15000|176.00    |166.00    |166.00    |166.00    |166.00    |153.00    |-10.00    |-23.00    |40        |144       |0         |3.19        |0.1681    |20.37     |0
CF005C15200|155.00    |134.00    |150.00    |134.00    |144.00    |136.00    |-11.00    |-19.00    |24        |362       |6         |1.73        |0.1508    |20.73     |0
CF005C15400|139.00    |0.00      |0.00      |0.00      |0.00      |120.00    |-19.00    |-19.00    |0         |1,720     |0         |0.00        |0.1344    |21.10     |0
CF005C15600|123.00    |0.00      |0.00      |0.00      |0.00      |107.00    |-16.00    |-16.00    |0         |348       |0         |0.00        |0.1207    |21.51     |0
CF005C15800|111.00    |94.00     |94.00     |94.00     |94.00     |98.00     |-17.00    |-13.00    |10        |176       |0         |0.47        |0.1098    |21.94     |0
CF005C16000|102.00    |0.00      |0.00      |0.00      |0.00      |89.00     |-13.00    |-13.00    |0         |114       |0         |0.00        |0.0997    |22.41     |0
CF005C16200|93.00     |80.00     |93.00     |80.00     |93.00     |81.00     |0.00      |-12.00    |144       |420       |124       |6.31        |0.0906    |22.91     |0
CF005C16400|84.00     |81.00     |90.00     |81.00     |88.00     |76.00     |4.00      |-8.00     |90        |2,822     |88        |3.88        |0.0845    |23.45     |0
小计       |          |          |          |          |          |          |          |          |1,414     |21,054    |530       |206.11      |          |          |0
CF005P11400|83.00     |61.00     |78.00     |59.00     |59.00     |75.00     |-24.00    |-8.00     |22        |3,288     |2         |0.79        |-0.1029   |16.45     |0
CF005P11600|114.00    |132.00    |132.00    |88.00     |104.00    |107.00    |-10.00    |-7.00     |98        |986       |50        |5.28        |-0.1358   |16.60     |0
CF005P11800|155.00    |163.00    |180.00    |127.00    |136.00    |147.00    |-19.00    |-8.00     |506       |946       |22        |39.98       |-0.1738   |16.74     |0
CF005P12000|203.00    |208.00    |240.00    |171.00    |185.00    |197.00    |-18.00    |-6.00     |146       |1,436     |44        |15.05       |-0.2160   |16.90     |0
CF005P12200|260.00    |296.00    |296.00    |221.00    |225.00    |256.00    |-35.00    |-4.00     |134       |306       |42        |17.41       |-0.2614   |17.06     |0
CF005P12400|329.00    |300.00    |311.00    |300.00    |311.00    |326.00    |-18.00    |-3.00     |24        |214       |0         |3.74        |-0.3099   |17.23     |0
CF005P12600|408.00    |365.00    |365.00    |365.00    |365.00    |409.00    |-43.00    |1.00      |2         |264       |2         |0.37        |-0.3605   |17.41     |0
CF005P12800|495.00    |0.00      |0.00      |0.00      |0.00      |501.00    |6.00      |6.00      |0         |140       |0         |0.00        |-0.4112   |17.59     |0
CF005P13000|597.00    |616.00    |616.00    |569.00    |570.00    |603.00    |-27.00    |6.00      |98        |314       |-28       |28.77       |-0.4619   |17.78     |0
CF005P13200|707.00    |0.00      |0.00      |0.00      |0.00      |718.00    |11.00     |11.00     |0         |242       |0         |0.00        |-0.5109   |17.98     |0
CF005P13400|825.00    |0.00      |0.00      |0.00      |0.00      |841.00    |16.00     |16.00     |0         |158       |0         |0.00        |-0.5584   |18.20     |0
CF005P13600|956.00    |0.00      |0.00      |0.00      |0.00      |975.00    |19.00     |19.00     |0         |340       |0         |0.00        |-0.6028   |18.42     |0
CF005P13800|1,091.00  |0.00      |0.00      |0.00      |0.00      |1,116.00  |25.00     |25.00     |0         |1,734     |0         |0.00        |-0.6444   |18.65     |0
CF005P14000|1,239.00  |0.00      |0.00      |0.00      |0.00      |1,265.00  |26.00     |26.00     |0         |136       |0         |0.00        |-0.6830   |18.90     |0
CF005P14200|1,389.00  |0.00      |0.00      |0.00      |0.00      |1,422.00  |33.00     |33.00     |0         |658       |0         |0.00        |-0.7177   |19.16     |0
CF005P14400|1,550.00  |0.00      |0.00      |0.00      |0.00      |1,584.00  |34.00     |34.00     |0         |68        |0         |0.00        |-0.7495   |19.44     |0
CF005P14600|1,713.00  |0.00      |0.00      |0.00      |0.00      |1,752.00  |39.00     |39.00     |0         |64        |0         |0.00        |-0.7777   |19.73     |0
CF005P14800|1,885.00  |0.00      |0.00      |0.00      |0.00      |1,925.00  |40.00     |40.00     |0         |56        |0         |0.00        |-0.8027   |20.04     |0
CF005P15000|2,058.00  |0.00      |0.00      |0.00      |0.00      |2,100.00  |42.00     |42.00     |0         |60        |0         |0.00        |-0.8258   |20.37     |0
CF005P15200|2,236.00  |0.00      |0.00      |0.00      |0.00      |2,282.00  |46.00     |46.00     |0         |52        |0         |0.00        |-0.8444   |20.73     |0
CF005P15400|2,418.00  |0.00      |0.00      |0.00      |0.00      |2,465.00  |47.00     |47.00     |0         |94        |0         |0.00        |-0.8621   |21.10     |0
CF005P15600|2,601.00  |0.00      |0.00      |0.00      |0.00      |2,651.00  |50.00     |50.00     |0         |90        |0         |0.00        |-0.8772   |21.51     |0
CF005P15800|2,788.00  |0.00      |0.00      |0.00      |0.00      |2,840.00  |52.00     |52.00     |0         |10        |0         |0.00        |-0.8894   |21.94     |0
CF005P16000|2,978.00  |0.00      |0.00      |0.00      |0.00      |3,030.00  |52.00     |52.00     |0         |18        |0         |0.00        |-0.9007   |22.41     |0
CF005P16200|3,168.00  |0.00      |0.00      |0.00      |0.00      |3,221.00  |53.00     |53.00     |0         |80        |0         |0.00        |-0.9112   |22.91     |0
CF005P16400|3,359.00  |0.00      |0.00      |0.00      |0.00      |3,416.00  |57.00     |57.00     |0         |28        |0         |0.00        |-0.9183   |23.45     |0
小计       |          |          |          |          |          |          |          |          |1,030     |11,782    |134       |111.39      |          |          |0
CF007C11400|1,927.00  |0.00      |0.00      |0.00      |0.00      |1,883.00  |-44.00    |-44.00    |0         |0         |0         |0.00        |0.8558    |18.04     |0
CF007C11600|1,767.00  |0.00      |0.00      |0.00      |0.00      |1,725.00  |-42.00    |-42.00    |0         |16        |0         |0.00        |0.8235    |18.10     |0
CF007C11800|1,612.00  |0.00      |0.00      |0.00      |0.00      |1,573.00  |-39.00    |-39.00    |0         |32        |0         |0.00        |0.7901    |18.17     |0
CF007C12000|1,469.00  |0.00      |0.00      |0.00      |0.00      |1,429.00  |-40.00    |-40.00    |0         |20        |0         |0.00        |0.7539    |18.23     |0
CF007C12200|1,331.00  |0.00      |0.00      |0.00      |0.00      |1,295.00  |-36.00    |-36.00    |0         |0         |0         |0.00        |0.7158    |18.30     |0
CF007C12400|1,203.00  |0.00      |0.00      |0.00      |0.00      |1,166.00  |-37.00    |-37.00    |0         |8         |0         |0.00        |0.6769    |18.37     |0
CF007C12600|1,084.00  |0.00      |0.00      |0.00      |0.00      |1,051.00  |-33.00    |-33.00    |0         |8         |0         |0.00        |0.6360    |18.44     |0
CF007C12800|971.00    |0.00      |0.00      |0.00      |0.00      |938.00    |-33.00    |-33.00    |0         |16        |0         |0.00        |0.5954    |18.50     |0
CF007C13000|870.00    |0.00      |0.00      |0.00      |0.00      |841.00    |-29.00    |-29.00    |0         |16        |0         |0.00        |0.5542    |18.57     |0
CF007C13200|773.00    |0.00      |0.00      |0.00      |0.00      |746.00    |-27.00    |-27.00    |0         |8         |0         |0.00        |0.5136    |18.65     |0
CF007C13400|690.00    |0.00      |0.00      |0.00      |0.00      |664.00    |-26.00    |-26.00    |0         |16        |0         |0.00        |0.4739    |18.72     |0
CF007C13600|608.00    |0.00      |0.00      |0.00      |0.00      |585.00    |-23.00    |-23.00    |0         |24        |0         |0.00        |0.4349    |18.79     |0
CF007C13800|540.00    |0.00      |0.00      |0.00      |0.00      |518.00    |-22.00    |-22.00    |0         |16        |0         |0.00        |0.3980    |18.86     |0
CF007C14000|474.00    |0.00      |0.00      |0.00      |0.00      |453.00    |-21.00    |-21.00    |0         |28        |0         |0.00        |0.3618    |18.93     |0
CF007C14200|418.00    |0.00      |0.00      |0.00      |0.00      |400.00    |-18.00    |-18.00    |0         |40        |0         |0.00        |0.3289    |19.01     |0
CF007C14400|366.00    |0.00      |0.00      |0.00      |0.00      |348.00    |-18.00    |-18.00    |0         |40        |0         |0.00        |0.2964    |19.08     |0
CF007C14600|320.00    |286.00    |299.00    |286.00    |299.00    |306.00    |-21.00    |-14.00    |16        |124       |-16       |2.34        |0.2677    |19.16     |0
CF007C14800|280.00    |248.00    |248.00    |248.00    |248.00    |266.00    |-32.00    |-14.00    |16        |48        |0         |2.06        |0.2398    |19.23     |0
小计       |          |          |          |          |          |          |          |          |32        |460       |-16       |4.40        |          |          |0
CF007P11400|134.00    |0.00      |0.00      |0.00      |0.00      |139.00    |5.00      |5.00      |0         |8         |0         |0.00        |-0.1360   |18.04     |0
CF007P11600|173.00    |0.00      |0.00      |0.00      |0.00      |180.00    |7.00      |7.00      |0         |120       |0         |0.00        |-0.1658   |18.10     |0
CF007P11800|216.00    |0.00      |0.00      |0.00      |0.00      |225.00    |9.00      |9.00      |0         |108       |0         |0.00        |-0.1973   |18.17     |0
CF007P12000|270.00    |0.00      |0.00      |0.00      |0.00      |279.00    |9.00      |9.00      |0         |72        |0         |0.00        |-0.2318   |18.23     |0
CF007P12200|329.00    |0.00      |0.00      |0.00      |0.00      |342.00    |13.00     |13.00     |0         |24        |0         |0.00        |-0.2686   |18.30     |0
CF007P12400|397.00    |0.00      |0.00      |0.00      |0.00      |410.00    |13.00     |13.00     |0         |40        |0         |0.00        |-0.3065   |18.37     |0
CF007P12600|475.00    |0.00      |0.00      |0.00      |0.00      |491.00    |16.00     |16.00     |0         |40        |0         |0.00        |-0.3465   |18.44     |0
CF007P12800|558.00    |0.00      |0.00      |0.00      |0.00      |575.00    |17.00     |17.00     |0         |48        |0         |0.00        |-0.3867   |18.50     |0
CF007P13000|654.00    |0.00      |0.00      |0.00      |0.00      |674.00    |20.00     |20.00     |0         |10        |0         |0.00        |-0.4275   |18.57     |0
CF007P13200|753.00    |0.00      |0.00      |0.00      |0.00      |775.00    |22.00     |22.00     |0         |20        |0         |0.00        |-0.4681   |18.65     |0
CF007P13400|866.00    |0.00      |0.00      |0.00      |0.00      |890.00    |24.00     |24.00     |0         |24        |0         |0.00        |-0.5079   |18.72     |0
CF007P13600|981.00    |0.00      |0.00      |0.00      |0.00      |1,007.00  |26.00     |26.00     |0         |4         |0         |0.00        |-0.5472   |18.79     |0
CF007P13800|1,109.00  |0.00      |0.00      |0.00      |0.00      |1,137.00  |28.00     |28.00     |0         |16        |0         |0.00        |-0.5845   |18.86     |0
CF007P14000|1,240.00  |0.00      |0.00      |0.00      |0.00      |1,268.00  |28.00     |28.00     |0         |16        |0         |0.00        |-0.6216   |18.93     |0
CF007P14200|1,381.00  |0.00      |0.00      |0.00      |0.00      |1,412.00  |31.00     |31.00     |0         |16        |0         |0.00        |-0.6553   |19.01     |0
CF007P14400|1,525.00  |0.00      |0.00      |0.00      |0.00      |1,557.00  |32.00     |32.00     |0         |16        |0         |0.00        |-0.6890   |19.08     |0
CF007P14600|1,677.00  |0.00      |0.00      |0.00      |0.00      |1,712.00  |35.00     |35.00     |0         |16        |0         |0.00        |-0.7188   |19.16     |0
CF007P14800|1,834.00  |0.00      |0.00      |0.00      |0.00      |1,869.00  |35.00     |35.00     |0         |20        |0         |0.00        |-0.7481   |19.23     |0
小计       |          |          |          |          |          |          |          |          |0         |618       |0         |0.00        |          |          |0
CF009C11800|1,900.00  |0.00      |0.00      |0.00      |0.00      |1,829.00  |-71.00    |-71.00    |0         |0         |0         |0.00        |0.8042    |17.93     |0
CF009C12000|1,748.00  |0.00      |0.00      |0.00      |0.00      |1,681.00  |-67.00    |-67.00    |0         |0         |0         |0.00        |0.7729    |17.87     |0
CF009C12200|1,602.00  |0.00      |0.00      |0.00      |0.00      |1,536.00  |-66.00    |-66.00    |0         |16        |0         |0.00        |0.7416    |17.83     |0
CF009C12400|1,465.00  |0.00      |0.00      |0.00      |0.00      |1,404.00  |-61.00    |-61.00    |0         |0         |0         |0.00        |0.7069    |17.81     |0
CF009C12600|1,334.00  |0.00      |0.00      |0.00      |0.00      |1,273.00  |-61.00    |-61.00    |0         |0         |0         |0.00        |0.6725    |17.79     |0
CF009C12800|1,212.00  |0.00      |0.00      |0.00      |0.00      |1,157.00  |-55.00    |-55.00    |0         |4         |0         |0.00        |0.6357    |17.79     |0
CF009C13000|1,098.00  |0.00      |0.00      |0.00      |0.00      |1,043.00  |-55.00    |-55.00    |0         |4         |0         |0.00        |0.5993    |17.80     |0
CF009C13200|992.00    |0.00      |0.00      |0.00      |0.00      |943.00    |-49.00    |-49.00    |0         |4         |0         |0.00        |0.5620    |17.82     |0
CF009C13400|895.00    |0.00      |0.00      |0.00      |0.00      |846.00    |-49.00    |-49.00    |0         |0         |0         |0.00        |0.5251    |17.85     |0
CF009C13600|804.00    |0.00      |0.00      |0.00      |0.00      |762.00    |-42.00    |-42.00    |0         |4         |0         |0.00        |0.4889    |17.90     |0
CF009C13800|723.00    |0.00      |0.00      |0.00      |0.00      |681.00    |-42.00    |-42.00    |0         |4         |0         |0.00        |0.4532    |17.95     |0
CF009C14000|645.00    |0.00      |0.00      |0.00      |0.00      |610.00    |-35.00    |-35.00    |0         |0         |0         |0.00        |0.4190    |18.01     |0
CF009C14200|580.00    |0.00      |0.00      |0.00      |0.00      |544.00    |-36.00    |-36.00    |0         |16        |0         |0.00        |0.3860    |18.09     |0
CF009C14400|515.00    |0.00      |0.00      |0.00      |0.00      |484.00    |-31.00    |-31.00    |0         |40        |0         |0.00        |0.3544    |18.17     |0
CF009C14600|463.00    |480.00    |480.00    |480.00    |480.00    |433.00    |17.00     |-30.00    |2         |60        |0         |0.48        |0.3251    |18.26     |0
CF009C14800|412.00    |424.00    |424.00    |421.00    |421.00    |383.00    |9.00      |-29.00    |10        |352       |0         |2.12        |0.2964    |18.35     |0
小计       |          |          |          |          |          |          |          |          |12        |504       |0         |2.60        |          |          |0
CF009P11800|219.00    |0.00      |0.00      |0.00      |0.00      |232.00    |13.00     |13.00     |0         |22        |0         |0.00        |-0.1817   |17.93     |0
CF009P12000|264.00    |0.00      |0.00      |0.00      |0.00      |281.00    |17.00     |17.00     |0         |0         |0         |0.00        |-0.2108   |17.87     |0
CF009P12200|315.00    |0.00      |0.00      |0.00      |0.00      |332.00    |17.00     |17.00     |0         |18        |0         |0.00        |-0.2405   |17.83     |0
CF009P12400|374.00    |0.00      |0.00      |0.00      |0.00      |396.00    |22.00     |22.00     |0         |24        |0         |0.00        |-0.2735   |17.81     |0
CF009P12600|439.00    |431.00    |446.00    |431.00    |446.00    |461.00    |7.00      |22.00     |8         |14        |6         |1.74        |-0.3070   |17.79     |0
CF009P12800|514.00    |0.00      |0.00      |0.00      |0.00      |542.00    |28.00     |28.00     |0         |4         |0         |0.00        |-0.3427   |17.79     |0
CF009P13000|595.00    |0.00      |0.00      |0.00      |0.00      |623.00    |28.00     |28.00     |0         |0         |0         |0.00        |-0.3786   |17.80     |0
CF009P13200|685.00    |0.00      |0.00      |0.00      |0.00      |719.00    |34.00     |34.00     |0         |0         |0         |0.00        |-0.4153   |17.82     |0
CF009P13400|782.00    |0.00      |0.00      |0.00      |0.00      |816.00    |34.00     |34.00     |0         |0         |0         |0.00        |-0.4522   |17.85     |0
CF009P13600|887.00    |0.00      |0.00      |0.00      |0.00      |928.00    |41.00     |41.00     |0         |0         |0         |0.00        |-0.4884   |17.90     |0
CF009P13800|1,001.00  |0.00      |0.00      |0.00      |0.00      |1,042.00  |41.00     |41.00     |0         |0         |0         |0.00        |-0.5244   |17.95     |0
CF009P14000|1,119.00  |0.00      |0.00      |0.00      |0.00      |1,167.00  |48.00     |48.00     |0         |0         |0         |0.00        |-0.5591   |18.01     |0
CF009P14200|1,249.00  |0.00      |0.00      |0.00      |0.00      |1,297.00  |48.00     |48.00     |0         |0         |0         |0.00        |-0.5928   |18.09     |0
CF009P14400|1,381.00  |0.00      |0.00      |0.00      |0.00      |1,433.00  |52.00     |52.00     |0         |0         |0         |0.00        |-0.6254   |18.17     |0
CF009P14600|1,524.00  |0.00      |0.00      |0.00      |0.00      |1,578.00  |54.00     |54.00     |0         |0         |0         |0.00        |-0.6556   |18.26     |0
CF009P14800|1,669.00  |0.00      |0.00      |0.00      |0.00      |1,724.00  |55.00     |55.00     |0         |0         |0         |0.00        |-0.6858   |18.35     |0
小计       |          |          |          |          |          |          |          |          |8         |82        |6         |1.74        |          |          |0
CF合计     |          |          |          |          |          |          |          |          |25,860    |215,514   |3822      |2108.85     |          |          |0
SR001C4300|1,228.00  |0.00      |0.00      |0.00      |0.00      |1,194.00  |-34.00    |-34.00    |0         |194       |0         |0.00        |0.9973    |28.60     |0
SR001C4400|1,128.00  |0.00      |0.00      |0.00      |0.00      |1,094.50  |-33.50    |-33.50    |0         |132       |0         |0.00        |0.9947    |26.78     |0
SR001C4500|1,028.00  |0.00      |0.00      |0.00      |0.00      |994.50    |-33.50    |-33.50    |0         |234       |0         |0.00        |0.9922    |24.91     |0
SR001C4600|928.00    |0.00      |0.00      |0.00      |0.00      |895.00    |-33.00    |-33.00    |0         |420       |0         |0.00        |0.9885    |22.99     |0
SR001C4700|828.00    |0.00      |0.00      |0.00      |0.00      |795.50    |-32.50    |-32.50    |0         |486       |0         |0.00        |0.9845    |21.03     |0
SR001C4800|728.00    |0.00      |0.00      |0.00      |0.00      |696.00    |-32.00    |-32.00    |0         |680       |0         |0.00        |0.9791    |19.06     |0
SR001C4900|628.50    |0.00      |0.00      |0.00      |0.00      |596.50    |-32.00    |-32.00    |0         |1,062     |0         |0.00        |0.9712    |17.16     |0
SR001C5000|530.50    |0.00      |0.00      |0.00      |0.00      |498.00    |-32.50    |-32.50    |0         |1,620     |0         |0.00        |0.9573    |15.44     |0
SR001C5100|434.00    |0.00      |0.00      |0.00      |0.00      |401.50    |-32.50    |-32.50    |0         |1,644     |-2        |0.00        |0.9309    |14.08     |2
SR001C5200|341.00    |317.50    |329.00    |290.50    |329.00    |309.00    |-12.00    |-32.00    |1,368     |2,518     |-594      |416.40      |0.8784    |13.20     |0
SR001C5300|255.00    |224.00    |240.50    |208.00    |240.00    |224.50    |-15.00    |-30.50    |392       |9,828     |0         |88.39       |0.7860    |12.79     |0
SR001C5400|180.00    |157.00    |168.00    |137.50    |165.50    |153.50    |-14.50    |-26.50    |540       |11,226    |48        |82.14       |0.6520    |12.75     |0
SR001C5500|119.50    |103.00    |111.00    |86.00     |106.50    |99.50     |-13.00    |-20.00    |2,902     |15,034    |262       |282.98      |0.4980    |12.95     |0
SR001C5600|75.50     |68.00     |68.00     |53.00     |67.00     |61.50     |-8.50     |-14.00    |3,648     |11,392    |738       |218.61      |0.3526    |13.30     |0
SR001C5700|46.50     |38.00     |41.50     |31.50     |40.00     |37.00     |-6.50     |-9.50     |2,824     |14,318    |72        |101.75      |0.2362    |13.73     |0
SR001C5800|29.00     |23.00     |25.00     |19.00     |23.50     |22.00     |-5.50     |-7.00     |3,496     |9,978     |1,278     |77.26       |0.1513    |14.21     |0
SR001C5900|18.00     |13.50     |16.00     |12.00     |16.00     |12.50     |-2.00     |-5.50     |1,224     |8,426     |22        |16.14       |0.0942    |14.70     |0
SR001C6000|11.50     |9.00      |10.50     |8.00      |10.50     |7.00      |-1.00     |-4.50     |1,782     |17,396    |-28       |16.07       |0.0568    |15.21     |0
SR001C6100|7.50      |6.50      |7.50      |6.00      |7.50      |4.00      |0.00      |-3.50     |3,062     |14,482    |1,308     |21.19       |0.0345    |15.71     |0
小计       |          |          |          |          |          |          |          |          |21,238    |121,070   |3104      |1320.93     |          |          |2
SR001P4300|0.50      |1.00      |1.00      |0.50      |0.50      |1.50      |0.00      |1.00      |12        |11,192    |-8        |0.01        |-0.0076   |28.60     |0
SR001P4400|0.50      |0.00      |0.00      |0.00      |0.00      |2.00      |1.50      |1.50      |0         |1,068     |0         |0.00        |-0.0095   |26.78     |0
SR001P4500|0.50      |0.00      |0.00      |0.00      |0.00      |2.00      |1.50      |1.50      |0         |1,904     |0         |0.00        |-0.0115   |24.91     |0
SR001P4600|0.50      |1.00      |1.00      |1.00      |1.00      |2.50      |0.50      |2.00      |28        |1,782     |-28       |0.03        |-0.0146   |22.99     |0
SR001P4700|0.50      |0.00      |0.00      |0.00      |0.00      |3.00      |2.50      |2.50      |0         |4,742     |0         |0.00        |-0.0181   |21.03     |0
SR001P4800|1.00      |3.50      |3.50      |2.00      |3.00      |3.50      |2.00      |2.50      |494       |21,308    |-172      |1.17        |-0.0229   |19.06     |0
SR001P4900|2.00      |4.00      |4.00      |3.50      |3.50      |4.00      |1.50      |2.00      |560       |9,692     |350       |2.19        |-0.0301   |17.16     |0
SR001P5000|3.50      |5.00      |6.00      |5.00      |5.50      |5.50      |2.00      |2.00      |532       |10,462    |12        |3.00        |-0.0430   |15.44     |0
SR001P5100|7.00      |9.00      |10.50     |7.50      |8.50      |8.50      |1.50      |1.50      |468       |10,612    |-72       |4.22        |-0.0683   |14.08     |0
SR001P5200|14.50     |16.00     |19.00     |14.00     |15.00     |16.00     |0.50      |1.50      |1,694     |11,044    |342       |28.96       |-0.1194   |13.20     |0
SR001P5300|28.00     |33.00     |36.00     |27.00     |28.50     |31.00     |0.50      |3.00      |3,228     |12,514    |440       |104.51      |-0.2107   |12.79     |0
SR001P5400|52.50     |57.50     |66.00     |52.00     |52.00     |60.00     |-0.50     |7.50      |2,688     |4,196     |-74       |164.42      |-0.3440   |12.75     |0
SR001P5500|91.50     |104.00    |113.00    |90.50     |92.50     |105.50    |1.00      |14.00     |2,678     |6,462     |-552      |282.20      |-0.4978   |12.95     |0
SR001P5600|147.50    |160.50    |179.50    |153.00    |155.00    |167.00    |7.50      |19.50     |386       |2,444     |-224      |63.31       |-0.6434   |13.30     |42
SR001P5700|217.50    |230.50    |253.00    |226.50    |227.50    |242.50    |10.00     |25.00     |508       |1,408     |118       |122.56      |-0.7604   |13.73     |0
SR001P5800|300.00    |332.00    |333.00    |310.50    |311.00    |326.50    |11.00     |26.50     |104       |732       |42        |32.71       |-0.8462   |14.21     |0
SR001P5900|388.50    |434.00    |434.00    |400.00    |400.00    |417.50    |11.50     |29.00     |68        |550       |-12       |28.43       |-0.9045   |14.70     |0
SR001P6000|482.00    |0.00      |0.00      |0.00      |0.00      |511.50    |29.50     |29.50     |0         |212       |0         |0.00        |-0.9434   |15.21     |0
SR001P6100|578.00    |0.00      |0.00      |0.00      |0.00      |608.50    |30.50     |30.50     |0         |0         |0         |0.00        |-0.9672   |15.71     |0
小计       |          |          |          |          |          |          |          |          |13,448    |112,324   |162       |837.72      |          |          |42
SR003C4400|1,079.00  |0.00      |0.00      |0.00      |0.00      |1,044.00  |-35.00    |-35.00    |0         |10        |0         |0.00        |1.0000    |15.77     |0
SR003C4500|979.00    |0.00      |0.00      |0.00      |0.00      |944.00    |-35.00    |-35.00    |0         |10        |0         |0.00        |0.9999    |15.43     |0
SR003C4600|879.00    |0.00      |0.00      |0.00      |0.00      |844.50    |-34.50    |-34.50    |0         |0         |0         |0.00        |0.9900    |15.10     |0
SR003C4700|780.50    |0.00      |0.00      |0.00      |0.00      |746.00    |-34.50    |-34.50    |0         |0         |0         |0.00        |0.9735    |14.78     |0
SR003C4800|684.00    |0.00      |0.00      |0.00      |0.00      |650.00    |-34.00    |-34.00    |0         |10        |0         |0.00        |0.9499    |14.47     |0
SR003C4900|590.50    |0.00      |0.00      |0.00      |0.00      |556.50    |-34.00    |-34.00    |0         |0         |0         |0.00        |0.9170    |14.16     |0
SR003C5000|501.00    |0.00      |0.00      |0.00      |0.00      |467.00    |-34.00    |-34.00    |0         |20        |0         |0.00        |0.8723    |13.87     |0
SR003C5100|417.00    |0.00      |0.00      |0.00      |0.00      |382.50    |-34.50    |-34.50    |0         |40        |0         |0.00        |0.8137    |13.61     |0
SR003C5200|339.00    |0.00      |0.00      |0.00      |0.00      |305.00    |-34.00    |-34.00    |0         |60        |0         |0.00        |0.7402    |13.39     |0
SR003C5300|269.00    |234.00    |246.00    |234.00    |246.00    |236.50    |-23.00    |-32.50    |40        |110       |40        |9.60        |0.6518    |13.23     |0
SR003C5400|208.50    |187.50    |188.50    |187.50    |188.50    |178.50    |-20.00    |-30.00    |58        |134       |22        |10.83       |0.5538    |13.17     |0
SR003C5500|158.50    |138.50    |138.50    |138.50    |138.50    |131.50    |-20.00    |-27.00    |20        |130       |0         |2.77        |0.4541    |13.22     |0
SR003C5600|118.50    |93.50     |100.00    |93.00     |100.00    |95.00     |-18.50    |-23.50    |130       |144       |0         |12.53       |0.3603    |13.36     |0
SR003C5700|87.50     |64.00     |71.00     |64.00     |71.00     |68.00     |-16.50    |-19.50    |120       |92        |0         |8.08        |0.2786    |13.59     |0
SR003C5800|63.50     |45.00     |50.50     |45.00     |50.50     |48.50     |-13.00    |-15.00    |220       |184       |-30       |10.39       |0.2115    |13.85     |0
SR003C5900|45.50     |33.50     |35.50     |33.50     |35.50     |34.00     |-10.00    |-11.50    |40        |154       |20        |1.38        |0.1580    |14.14     |0
SR003C6000|32.50     |22.50     |24.00     |22.50     |24.00     |24.00     |-8.50     |-8.50     |110       |150       |6         |2.55        |0.1164    |14.44     |0
SR003C6100|23.00     |17.50     |18.00     |15.00     |16.50     |16.50     |-6.50     |-6.50     |146       |102       |-16       |2.45        |0.0847    |14.73     |0
小计       |          |          |          |          |          |          |          |          |884       |1,350     |42        |60.58       |          |          |0
SR003P4400|0.50      |0.00      |0.00      |0.00      |0.00      |1.00      |0.50      |0.50      |0         |496       |0         |0.00        |-0.0060   |15.77     |0
SR003P4500|1.00      |0.00      |0.00      |0.00      |0.00      |2.00      |1.00      |1.00      |0         |234       |0         |0.00        |-0.0108   |15.43     |0
SR003P4600|2.50      |0.00      |0.00      |0.00      |0.00      |3.00      |0.50      |0.50      |0         |160       |0         |0.00        |-0.0187   |15.10     |0
SR003P4700|5.00      |0.00      |0.00      |0.00      |0.00      |5.50      |0.50      |0.50      |0         |176       |0         |0.00        |-0.0314   |14.78     |0
SR003P4800|9.00      |0.00      |0.00      |0.00      |0.00      |9.50      |0.50      |0.50      |0         |96        |0         |0.00        |-0.0515   |14.47     |0
SR003P4900|15.50     |17.00     |17.50     |15.00     |15.00     |16.50     |-0.50     |1.00      |180       |260       |-60       |2.90        |-0.0814   |14.16     |0
SR003P5000|26.00     |27.00     |27.00     |23.00     |23.00     |26.50     |-3.00     |0.50      |40        |90        |-20       |1.00        |-0.1235   |13.87     |0
SR003P5100|41.00     |45.00     |45.00     |38.50     |38.50     |41.50     |-2.50     |0.50      |104       |52        |-4        |4.30        |-0.1800   |13.61     |0
SR003P5200|62.50     |60.00     |60.00     |60.00     |60.00     |63.00     |-2.50     |0.50      |60        |182       |-20       |3.66        |-0.2520   |13.39     |0
SR003P5300|92.00     |99.50     |100.00    |87.00     |87.00     |94.00     |-5.00     |2.00      |216       |80        |-42       |19.70       |-0.3394   |13.23     |0
SR003P5400|130.00    |123.50    |123.50    |123.50    |123.50    |135.00    |-6.50     |5.00      |40        |150       |40        |4.94        |-0.4368   |13.17     |0
SR003P5500|179.00    |173.50    |173.50    |173.50    |173.50    |187.00    |-5.50     |8.00      |60        |80        |60        |10.41       |-0.5366   |13.22     |0
SR003P5600|238.50    |234.00    |234.00    |234.00    |234.00    |249.50    |-4.50     |11.00     |64        |36        |16        |15.35       |-0.6310   |13.36     |0
SR003P5700|306.50    |326.50    |326.50    |305.00    |305.00    |321.50    |-1.50     |15.00     |100       |40        |-30       |31.98       |-0.7136   |13.59     |0
SR003P5800|382.00    |384.00    |384.00    |383.00    |383.00    |401.50    |1.00      |19.50     |60        |24        |-20       |23.37       |-0.7821   |13.85     |0
SR003P5900|463.00    |0.00      |0.00      |0.00      |0.00      |486.50    |23.50     |23.50     |0         |0         |0         |0.00        |-0.8373   |14.14     |0
SR003P6000|549.50    |0.00      |0.00      |0.00      |0.00      |576.00    |26.50     |26.50     |0         |0         |0         |0.00        |-0.8810   |14.44     |0
SR003P6100|639.50    |0.00      |0.00      |0.00      |0.00      |668.50    |29.00     |29.00     |0         |0         |0         |0.00        |-0.9150   |14.73     |0
小计       |          |          |          |          |          |          |          |          |924       |2,156     |-80       |117.61      |          |          |0
SR005C4200|1,229.00  |0.00      |0.00      |0.00      |0.00      |1,196.00  |-33.00    |-33.00    |0         |92        |0         |0.00        |1.0000    |16.33     |0
SR005C4300|1,129.00  |0.00      |0.00      |0.00      |0.00      |1,096.00  |-33.00    |-33.00    |0         |8         |0         |0.00        |1.0000    |15.81     |0
SR005C4400|1,030.00  |0.00      |0.00      |0.00      |0.00      |996.00    |-34.00    |-34.00    |0         |76        |0         |0.00        |0.9928    |15.32     |0
SR005C4500|932.00    |0.00      |0.00      |0.00      |0.00      |897.50    |-34.50    |-34.50    |0         |94        |0         |0.00        |0.9786    |14.84     |0
SR005C4600|835.50    |0.00      |0.00      |0.00      |0.00      |800.50    |-35.00    |-35.00    |0         |198       |0         |0.00        |0.9600    |14.40     |0
SR005C4700|741.00    |0.00      |0.00      |0.00      |0.00      |705.00    |-36.00    |-36.00    |0         |256       |0         |0.00        |0.9356    |13.99     |0
SR005C4800|649.50    |0.00      |0.00      |0.00      |0.00      |612.50    |-37.00    |-37.00    |0         |256       |0         |0.00        |0.9040    |13.62     |0
SR005C4900|561.50    |0.00      |0.00      |0.00      |0.00      |524.00    |-37.50    |-37.50    |0         |880       |0         |0.00        |0.8628    |13.32     |0
SR005C5000|478.50    |458.50    |458.50    |458.50    |458.50    |440.50    |-20.00    |-38.00    |10        |446       |0         |4.59        |0.8105    |13.08     |0
SR005C5100|402.00    |376.50    |378.00    |376.50    |378.00    |363.50    |-24.00    |-38.50    |60        |376       |40        |22.62       |0.7466    |12.93     |0
SR005C5200|332.50    |303.50    |309.00    |295.50    |309.00    |295.00    |-23.50    |-37.50    |94        |2,316     |-30       |28.62       |0.6721    |12.87     |0
SR005C5300|271.50    |235.00    |241.00    |232.00    |232.00    |235.50    |-39.50    |-36.00    |38        |3,990     |-24       |9.02        |0.5907    |12.92     |0
SR005C5400|219.50    |199.50    |201.00    |179.00    |199.50    |186.00    |-20.00    |-33.50    |186       |4,016     |94        |35.18       |0.5072    |13.06     |0
SR005C5500|176.50    |160.00    |161.00    |142.00    |145.50    |146.00    |-31.00    |-30.50    |754       |1,696     |-6        |111.66      |0.4274    |13.29     |0
SR005C5600|142.00    |125.00    |125.00    |109.00    |122.50    |114.50    |-19.50    |-27.50    |610       |2,754     |-100      |70.38       |0.3552    |13.61     |0
SR005C5700|114.00    |98.50     |98.50     |83.50     |96.00     |91.00     |-18.00    |-23.00    |732       |3,216     |252       |65.98       |0.2934    |13.99     |0
SR005C5800|91.50     |77.00     |79.00     |67.00     |75.50     |72.50     |-16.00    |-19.00    |494       |1,060     |-108      |37.21       |0.2420    |14.42     |0
SR005C5900|74.50     |63.50     |63.50     |52.00     |60.00     |58.50     |-14.50    |-16.00    |772       |1,632     |44        |44.24       |0.1996    |14.89     |0
SR005C6000|61.50     |50.00     |50.50     |43.00     |47.00     |47.00     |-14.50    |-14.50    |506       |1,134     |126       |23.19       |0.1643    |15.38     |0
小计       |          |          |          |          |          |          |          |          |4,256     |24,496    |288       |452.69      |          |          |0
SR005P4200|3.00      |0.00      |0.00      |0.00      |0.00      |2.00      |-1.00     |-1.00     |0         |1,512     |0         |0.00        |-0.0099   |16.33     |0
SR005P4300|4.50      |0.00      |0.00      |0.00      |0.00      |3.00      |-1.50     |-1.50     |0         |658       |0         |0.00        |-0.0147   |15.81     |0
SR005P4400|6.50      |0.00      |0.00      |0.00      |0.00      |4.50      |-2.00     |-2.00     |0         |518       |0         |0.00        |-0.0214   |15.32     |0
SR005P4500|9.00      |0.00      |0.00      |0.00      |0.00      |7.00      |-2.00     |-2.00     |0         |584       |0         |0.00        |-0.0309   |14.84     |0
SR005P4600|13.00     |0.00      |0.00      |0.00      |0.00      |10.50     |-2.50     |-2.50     |0         |1,102     |0         |0.00        |-0.0452   |14.40     |0
SR005P4700|18.50     |15.00     |15.00     |13.50     |15.00     |15.50     |-3.50     |-3.00     |190       |2,692     |-176      |2.76        |-0.0654   |13.99     |0
SR005P4800|27.00     |22.50     |22.50     |19.00     |19.00     |23.00     |-8.00     |-4.00     |432       |1,774     |146       |9.42        |-0.0934   |13.62     |0
SR005P4900|38.50     |33.50     |34.00     |28.00     |28.00     |34.00     |-10.50    |-4.50     |330       |8,060     |10        |10.66       |-0.1312   |13.32     |0
SR005P5000|55.00     |50.50     |51.50     |43.50     |44.50     |49.50     |-10.50    |-5.50     |540       |1,742     |-12       |26.26       |-0.1806   |13.08     |0
SR005P5100|77.00     |72.00     |72.50     |64.00     |66.00     |71.50     |-11.00    |-5.50     |382       |2,666     |-108      |26.62       |-0.2424   |12.93     |0
SR005P5200|106.50    |106.50    |109.00    |93.50     |95.50     |101.50    |-11.00    |-5.00     |696       |2,052     |314       |71.05       |-0.3152   |12.87     |0
SR005P5300|144.50    |144.50    |144.50    |134.00    |134.00    |140.50    |-10.50    |-4.00     |198       |568       |-74       |27.76       |-0.3958   |12.92     |0
SR005P5400|191.00    |193.00    |202.00    |180.00    |180.00    |190.00    |-11.00    |-1.00     |392       |416       |-106      |74.56       |-0.4790   |13.06     |0
SR005P5500|246.50    |247.50    |247.50    |247.50    |247.50    |248.50    |1.00      |2.00      |62        |606       |-28       |15.38       |-0.5591   |13.29     |0
SR005P5600|310.50    |315.50    |315.50    |314.00    |314.00    |316.00    |3.50      |5.50      |38        |382       |-18       |11.97       |-0.6322   |13.61     |0
SR005P5700|381.50    |389.50    |400.00    |374.00    |374.00    |391.00    |-7.50     |9.50      |130       |492       |14        |50.07       |-0.6952   |13.99     |0
SR005P5800|458.00    |0.00      |0.00      |0.00      |0.00      |471.50    |13.50     |13.50     |0         |12        |0         |0.00        |-0.7480   |14.42     |0
SR005P5900|539.50    |0.00      |0.00      |0.00      |0.00      |556.50    |17.00     |17.00     |0         |50        |0         |0.00        |-0.7921   |14.89     |0
SR005P6000|625.50    |0.00      |0.00      |0.00      |0.00      |644.00    |18.50     |18.50     |0         |0         |0         |0.00        |-0.8295   |15.38     |0
小计       |          |          |          |          |          |          |          |          |3,390     |25,886    |-38       |326.51      |          |          |0
SR009C4800|705.00    |0.00      |0.00      |0.00      |0.00      |674.00    |-31.00    |-31.00    |0         |0         |0         |0.00        |0.8335    |14.68     |0
SR009C4900|624.00    |0.00      |0.00      |0.00      |0.00      |592.50    |-31.50    |-31.50    |0         |0         |0         |0.00        |0.7943    |14.42     |0
SR009C5000|548.50    |0.00      |0.00      |0.00      |0.00      |517.00    |-31.50    |-31.50    |0         |0         |0         |0.00        |0.7484    |14.21     |0
SR009C5100|478.00    |0.00      |0.00      |0.00      |0.00      |446.50    |-31.50    |-31.50    |0         |0         |0         |0.00        |0.6975    |14.06     |0
SR009C5200|412.50    |0.00      |0.00      |0.00      |0.00      |382.50    |-30.00    |-30.00    |0         |0         |0         |0.00        |0.6427    |13.98     |0
SR009C5300|353.50    |0.00      |0.00      |0.00      |0.00      |325.00    |-28.50    |-28.50    |0         |0         |0         |0.00        |0.5854    |13.97     |0
SR009C5400|302.50    |280.50    |280.50    |267.00    |267.00    |276.00    |-35.50    |-26.50    |50        |40        |20        |13.72       |0.5269    |14.05     |0
SR009C5500|257.50    |241.00    |241.00    |228.50    |228.50    |235.00    |-29.00    |-22.50    |34        |34        |14        |8.01        |0.4703    |14.20     |0
SR009C5600|219.00    |201.00    |201.00    |193.50    |195.00    |199.00    |-24.00    |-20.00    |102       |60        |18        |20.30       |0.4169    |14.43     |0
SR009C5700|188.50    |168.50    |168.50    |168.00    |168.00    |170.00    |-20.50    |-18.50    |30        |40        |10        |5.07        |0.3680    |14.72     |0
SR009C5800|161.50    |143.50    |146.00    |140.00    |142.00    |146.50    |-19.50    |-15.00    |74        |88        |12        |10.65       |0.3250    |15.06     |0
SR009C5900|139.00    |123.00    |123.00    |123.00    |123.00    |125.50    |-16.00    |-13.50    |20        |190       |10        |2.46        |0.2860    |15.43     |0
SR009C6000|120.50    |109.00    |109.00    |100.00    |100.00    |110.00    |-20.50    |-10.50    |278       |190       |144       |29.75       |0.2535    |15.82     |0
小计       |          |          |          |          |          |          |          |          |588       |642       |228       |89.96       |          |          |0
SR009P4800|63.50     |59.50     |59.50     |57.00     |57.00     |62.00     |-6.50     |-1.50     |70        |174       |-14       |4.14        |-0.1552   |14.68     |0
SR009P4900|81.50     |84.00     |84.00     |66.00     |66.00     |79.00     |-15.50    |-2.50     |150       |146       |-10       |11.67       |-0.1912   |14.42     |0
SR009P5000|104.50    |109.00    |109.00    |95.50     |95.50     |101.50    |-9.00     |-3.00     |130       |70        |10        |13.21       |-0.2342   |14.21     |0
SR009P5100|132.00    |137.50    |137.50    |125.00    |125.00    |130.00    |-7.00     |-2.00     |52        |86        |12        |6.84        |-0.2828   |14.06     |0
SR009P5200|164.00    |165.50    |172.50    |155.00    |155.50    |163.50    |-8.50     |-0.50     |98        |418       |-6        |15.73       |-0.3359   |13.98     |0
SR009P5300|203.00    |215.00    |215.00    |190.00    |190.00    |204.00    |-13.00    |1.00      |124       |38        |14        |25.06       |-0.3924   |13.97     |0
SR009P5400|249.50    |258.00    |258.00    |244.50    |244.50    |252.50    |-5.00     |3.00      |76        |8         |6         |19.10       |-0.4503   |14.05     |0
SR009P5500|302.50    |0.00      |0.00      |0.00      |0.00      |309.00    |6.50      |6.50      |0         |0         |0         |0.00        |-0.5070   |14.20     |0
SR009P5600|361.50    |0.00      |0.00      |0.00      |0.00      |371.50    |10.00     |10.00     |0         |0         |0         |0.00        |-0.5611   |14.43     |0
SR009P5700|429.00    |0.00      |0.00      |0.00      |0.00      |439.50    |10.50     |10.50     |0         |2         |0         |0.00        |-0.6112   |14.72     |0
SR009P5800|500.00    |0.00      |0.00      |0.00      |0.00      |514.00    |14.00     |14.00     |0         |2         |0         |0.00        |-0.6555   |15.06     |0
SR009P5900|575.50    |0.00      |0.00      |0.00      |0.00      |591.50    |16.00     |16.00     |0         |0         |0         |0.00        |-0.6965   |15.43     |0
SR009P6000|655.00    |0.00      |0.00      |0.00      |0.00      |674.00    |19.00     |19.00     |0         |0         |0         |0.00        |-0.7308   |15.82     |0
小计       |          |          |          |          |          |          |          |          |700       |944       |12        |95.75       |          |          |0
SR合计     |          |          |          |          |          |          |          |          |45,428    |288,868   |3718      |3301.75     |          |          |44
总计       |          |          |          |          |          |          |          |          |71,288    |504,382   |7540      |5410.60     |          |          |44

